0.6666666 -0.6666666 0.6666666 10086.0
0.17106679 -0.17106679 0.17106679 10086.0
0.6666666 -0.6666666 -0.6666666 10086.0
0.17106679 -0.17106679 -0.17106679 10086.0
-0.6666666 -0.6666666 -0.6666666 10086.0
-0.17106679 -0.17106679 -0.17106679 10086.0
-0.6666666 -0.6666666 -0.6666666 10086.0
-0.17106679 -0.17106679 -0.17106679 10086.0
-0.6666666 -0.6666666 0.6666666 10086.0
-0.17106679 -0.17106679 0.17106679 10086.0
0.6666666 -0.6666666 0.6666666 10086.0
0.17106679 -0.17106679 0.17106679 10086.0
0.6666666 -0.6666666 0.6666666 10086.0
0.17106679 -0.17106679 0.17106679 10086.0
-0.6666666 -0.6666666 0.6666666 10086.0
-0.17106679 -0.17106679 0.17106679 10086.0
-0.6666666 0.6666666 0.6666666 10086.0
-0.17106679 0.17106679 0.17106679 10086.0
-0.6666666 0.6666666 0.6666666 10086.0
-0.17106679 0.17106679 0.17106679 10086.0
0.6666666 0.6666666 0.6666666 10086.0
0.17106679 0.17106679 0.17106679 10086.0
0.6666666 -0.6666666 0.6666666 10086.0
0.17106679 -0.17106679 0.17106679 10086.0
0.6666666 0.6666666 0.6666666 10086.0
0.17106679 0.17106679 0.17106679 10086.0
0.6666666 -0.6666666 0.6666666 10086.0
0.17106679 -0.17106679 0.17106679 10086.0
0.6666666 -0.6666666 -0.6666666 10086.0
0.17106679 -0.17106679 -0.17106679 10086.0
0.6666666 -0.6666666 -0.6666666 10086.0
0.17106679 -0.17106679 -0.17106679 10086.0
0.6666666 0.6666666 -0.6666666 10086.0
0.17106679 0.17106679 -0.17106679 10086.0
0.6666666 0.6666666 0.6666666 10086.0
0.17106679 0.17106679 0.17106679 10086.0
-0.6666666 0.6666666 -0.6666666 10086.0
-0.17106679 0.17106679 -0.17106679 10086.0
0.6666666 0.6666666 -0.6666666 10086.0
0.17106679 0.17106679 -0.17106679 10086.0
0.6666666 -0.6666666 -0.6666666 10086.0
0.17106679 -0.17106679 -0.17106679 10086.0
0.6666666 -0.6666666 -0.6666666 10086.0
0.17106679 -0.17106679 -0.17106679 10086.0
-0.6666666 -0.6666666 -0.6666666 10086.0
-0.17106679 -0.17106679 -0.17106679 10086.0
-0.6666666 0.6666666 -0.6666666 10086.0
-0.17106679 0.17106679 -0.17106679 10086.0
-0.6666666 -0.6666666 -0.6666666 10086.0
-0.17106679 -0.17106679 -0.17106679 10086.0
-0.6666666 0.6666666 -0.6666666 10086.0
-0.17106679 0.17106679 -0.17106679 10086.0
-0.6666666 0.6666666 0.6666666 10086.0
-0.17106679 0.17106679 0.17106679 10086.0
-0.6666666 0.6666666 0.6666666 10086.0
-0.17106679 0.17106679 0.17106679 10086.0
-0.6666666 -0.6666666 0.6666666 10086.0
-0.17106679 -0.17106679 0.17106679 10086.0
-0.6666666 -0.6666666 -0.6666666 10086.0
-0.17106679 -0.17106679 -0.17106679 10086.0
0.6666666 0.6666666 0.6666666 10086.0
0.17106679 0.17106679 0.17106679 10086.0
-0.6666666 0.6666666 0.6666666 10086.0
-0.17106679 0.17106679 0.17106679 10086.0
-0.6666666 0.6666666 -0.6666666 10086.0
-0.17106679 0.17106679 -0.17106679 10086.0
-0.6666666 0.6666666 -0.6666666 10086.0
-0.17106679 0.17106679 -0.17106679 10086.0
0.6666666 0.6666666 -0.6666666 10086.0
0.17106679 0.17106679 -0.17106679 10086.0
0.6666666 0.6666666 0.6666666 10086.0
0.17106679 0.17106679 0.17106679 10086.0
